0 0
1735611168 0
1735611228 0
1735611288 0
1735611348 0
1735611408 0
1735611468 0
1735611528 0
1735611588 0
1735611648 0
1735611708 0
1735611768 0
1735611828 0
1735611888 0
1735611948 0
1735612008 0
1735612068 0
1735612128 0
1735612188 0
1735612248 0
1735612308 0
1735612368 0
1735612428 0
1735612488 0
1735612548 0
1735612608 0
1735612668 0
1735612728 0
1735612788 0
1735612848 0
1735612908 0
1735612968 0
1735613028 0
1735613088 0
1735613148 0
1735613208 0
1735613268 0
1735613328 0
1735613388 0
1735613448 0
1735613508 0
1735613568 0
1735613628 0
1735613688 0
1735613748 0
1735613808 0
1735613868 0
1735613928 0
1735613988 0
1735614048 0
1735614108 0
1735614168 0
1735614228 0
1735614288 0
1735614348 0
1735614408 0
1735614468 0
1735614528 0
1735614588 0
1735614648 0
1735614708 0
1735614768 0
1735614828 0
1735614888 0
1735614948 0
1735615008 0
1735615068 0
1735615128 0
1735615188 0
1735615248 0
1735615308 0
1735615368 0
1735615428 0
1735615488 0
1735615548 0
1735615608 0
1735615668 0
1735615728 0
1735615788 0
1735615848 0
1735615908 0
1735615968 0
1735616028 0
1735616088 0
1735616148 0
1735616208 0
1735616268 0
1735616328 0
1735616388 0
1735616448 0
1735616508 0
1735616568 0
1735616628 0
1735616688 0
